DC_Microgrid_6/sm_circuit/OpComm: 1,1 : 0.000100000000000 : 0.000100000000000, 0.000100000000000 : 1 : 0 : [-5000,400]
DC_Microgrid_6/sc_display/OpComm: 1,1 : 0.000000000000000 : 0.000000000000000, 0.000000000000000 : 1 : 0 : [0,0]
SampleTime=0.000100000000000
