AC_DER_basic_model/sm_circuit/OpComm1: 1,1 : 0.000100000000000 : 0.000100000000000, 0.000100000000000 : 1 : 0 : [-1000,400]
AC_DER_basic_model/sc_display/OpComm: 1 : 0.000000000000000 : 0.000000000000000 : 1 : 0 : [0]
SampleTime=0.000100000000000
